service_id,monday,tuesday,wednesday,thursday,friday,saturday,sunday,start_date,end_date
106260056327,1,1,1,1,1,0,0,20260105,20261123
100153406327,0,0,0,0,0,1,0,20251206,20261123
106460536327,0,0,0,0,0,0,1,20260222,20261123
106253355339,1,1,1,1,1,0,0,20251201,20251205
106253425358,1,1,1,1,1,0,0,20251208,20251224
105853605365,1,1,1,0,1,0,0,20251226,20251231
106453346011,0,0,0,0,0,0,1,20251130,20260111
103260196019,1,0,0,0,0,0,0,20260119,20260119
106460256039,0,0,0,0,0,0,1,20260125,20260208
103260476047,1,0,0,0,0,0,0,20260216,20260216
106260486327,1,1,1,1,1,0,0,20260217,20261123
100453596001,0,0,0,1,0,0,0,20251225,20260101
106460186018,0,0,0,0,0,0,1,20260118,20260118
106460466046,0,0,0,0,0,0,1,20260215,20260215
106253325358,1,1,1,1,1,0,0,20251128,20251224
106453416011,0,0,0,0,0,0,1,20251207,20260111
106260026009,1,1,1,1,1,0,0,20260102,20260109
106260126016,1,1,1,1,1,0,0,20260112,20260116
306253276327,1,1,1,1,1,0,0,20251123,20261123
106260206044,1,1,1,1,1,0,0,20260120,20260213
306453276327,0,0,0,0,0,0,1,20251123,20261123
112753396327,1,1,1,1,1,1,1,20251205,20261123
106560466327,0,0,0,0,0,1,1,20260215,20261123
112760606327,1,1,1,1,1,1,1,20260301,20261123
212753276059,1,1,1,1,1,1,1,20251123,20260228
306553276327,0,0,0,0,0,1,1,20251123,20261123
112460476327,1,1,1,1,0,0,1,20260216,20261123
106260026016,1,1,1,1,1,0,0,20260102,20260116
200653275332,0,0,0,1,1,0,0,20251123,20251128
312753276327,1,1,1,1,1,1,1,20251123,20261123
212453275357,1,1,1,1,0,0,1,20251123,20251223
111653595364,1,1,0,1,0,0,1,20251225,20251230
112460016015,1,1,1,1,0,0,1,20260101,20260115
112460196043,1,1,1,1,0,0,1,20260119,20260212
106260966327,1,1,1,1,1,0,0,20260406,20261123
106253356327,1,1,1,1,1,0,0,20251201,20261123
100153335333,0,0,0,0,0,1,0,20251129,20251129
106260486093,1,1,1,1,1,0,0,20260217,20260403
106553336327,0,0,0,0,0,1,1,20251129,20261123
106560176327,0,0,0,0,0,1,1,20260117,20261123
106553336011,0,0,0,0,0,1,1,20251129,20260111
112760676327,1,1,1,1,1,1,1,20260308,20261123
112753356065,1,1,1,1,1,1,1,20251201,20260306
100160666066,0,0,0,0,0,1,0,20260307,20260307
212753275336,1,1,1,1,1,1,1,20251123,20251202
212753275338,1,1,1,1,1,1,1,20251123,20251204
106560186039,0,0,0,0,0,1,1,20260118,20260208
208953275334,0,1,1,0,0,1,1,20251123,20251130
212753276095,1,1,1,1,1,1,1,20251123,20260405
106553476327,0,0,0,0,0,1,1,20251213,20261123
106253606327,1,1,1,1,1,0,0,20251226,20261123
106553335340,0,0,0,0,0,1,1,20251129,20251206
106453415341,0,0,0,0,0,0,1,20251207,20251207
212753275335,1,1,1,1,1,1,1,20251123,20251201
207253275334,0,0,1,0,0,0,1,20251123,20251130
206453276011,0,0,0,0,0,0,1,20251123,20260111
112760966327,1,1,1,1,1,1,1,20260406,20261123
206553275341,0,0,0,0,0,1,1,20251123,20251207
100260026002,0,0,0,0,1,0,0,20260102,20260102
106060966327,1,1,1,1,0,0,0,20260406,20261123
106460956327,0,0,0,0,0,0,1,20260405,20261123
108460696327,0,1,0,1,0,0,1,20260310,20261123
208453276067,0,1,0,1,0,0,1,20251123,20260308
112760746327,1,1,1,1,1,1,1,20260315,20261123
103760686327,1,0,0,1,0,1,0,20260309,20261123
112760686327,1,1,1,1,1,1,1,20260309,20261123
212753276073,1,1,1,1,1,1,1,20251123,20260314
203753276066,1,0,0,1,0,1,0,20251123,20260307
212753276067,1,1,1,1,1,1,1,20251123,20260308
106253355358,1,1,1,1,1,0,0,20251201,20251224
212753276066,1,1,1,1,1,1,1,20251123,20260307
106460676067,0,0,0,0,0,0,1,20260308,20260308
112760056327,1,1,1,1,1,1,1,20260105,20261123
212753276004,1,1,1,1,1,1,1,20251123,20260104
112760986327,1,1,1,1,1,1,1,20260408,20261123
102160696327,0,1,0,1,0,1,0,20260310,20261123
100353326327,0,0,0,0,1,1,0,20251128,20261123
212753276032,1,1,1,1,1,1,1,20251123,20260201
112760336097,1,1,1,1,1,1,1,20260202,20260407
202153276064,0,1,0,1,0,1,0,20251123,20260305
106253426327,1,1,1,1,1,0,0,20251208,20261123
112753426327,1,1,1,1,1,1,1,20251208,20261123
212753275341,1,1,1,1,1,1,1,20251123,20251207
106260026327,1,1,1,1,1,0,0,20260102,20261123
100853585365,0,0,1,0,0,0,0,20251224,20251231
200753275333,0,0,0,1,1,1,0,20251123,20251129
112753355341,1,1,1,1,1,1,1,20251201,20251207
112753425348,1,1,1,1,1,1,1,20251208,20251214
106261456327,1,1,1,1,1,0,0,20260525,20261123
112753496327,1,1,1,1,1,1,1,20251215,20261123
106260486142,1,1,1,1,1,0,0,20260217,20260522
212753276065,1,1,1,1,1,1,1,20251123,20260306
106053356327,1,1,1,1,0,0,0,20251201,20261123
112753356327,1,1,1,1,1,1,1,20251201,20261123
106560526327,0,0,0,0,0,1,1,20260221,20261123
200553275333,0,0,0,1,0,1,0,20251123,20251129
106453346046,0,0,0,0,0,0,1,20251130,20260215
100153406010,0,0,0,0,0,1,0,20251206,20260110
100160176017,0,0,0,0,0,1,0,20260117,20260117
100160246038,0,0,0,0,0,1,0,20260124,20260207
100160456045,0,0,0,0,0,1,0,20260214,20260214
307453276327,0,0,1,0,1,0,1,20251123,20261123
212753275342,1,1,1,1,1,1,1,20251123,20251208
109553435348,0,1,1,1,1,1,1,20251209,20251214
300153276327,0,0,0,0,0,1,0,20251123,20261123
212753276097,1,1,1,1,1,1,1,20251123,20260407
105660056007,1,1,1,0,0,0,0,20260105,20260107
100760086065,0,0,0,1,1,1,0,20260108,20260306
112060116063,1,1,1,0,0,0,1,20260111,20260304
100253325332,0,0,0,0,1,0,0,20251128,20251128
112753566327,1,1,1,1,1,1,1,20251222,20261123
212753275332,1,1,1,1,1,1,1,20251123,20251128
106553335334,0,0,0,0,0,1,1,20251129,20251130
106253355353,1,1,1,1,1,0,0,20251201,20251219
106553405355,0,0,0,0,0,1,1,20251206,20251221
106553345340,0,0,0,0,0,1,1,20251130,20251206
112760056065,1,1,1,1,1,1,1,20260105,20260306
106060486327,1,1,1,1,0,0,0,20260217,20261123
100253326327,0,0,0,0,1,0,0,20251128,20261123
106453345334,0,0,0,0,0,0,1,20251130,20251130
106053355357,1,1,1,1,0,0,0,20251201,20251223
104853635364,1,1,0,0,0,0,0,20251229,20251230
106060056015,1,1,1,1,0,0,0,20260105,20260115
106060206043,1,1,1,1,0,0,0,20260120,20260212
100160176327,0,0,0,0,0,1,0,20260117,20261123
100253396327,0,0,0,0,1,0,0,20251205,20261123
100153336010,0,0,0,0,0,1,0,20251129,20260110
112753486327,1,1,1,1,1,1,1,20251214,20261123
212753275334,1,1,1,1,1,1,1,20251123,20251130
212753275347,1,1,1,1,1,1,1,20251123,20251213
108260676327,0,1,0,0,1,0,1,20260308,20261123
208253276004,0,1,0,0,1,0,1,20251123,20260104
108260066062,0,1,0,0,1,0,1,20260106,20260303
100260656065,0,0,0,0,1,0,0,20260306,20260306
112753426004,1,1,1,1,1,1,1,20251208,20260104
206253275339,1,1,1,1,1,0,0,20251123,20251205
106253326327,1,1,1,1,1,0,0,20251128,20261123
212753276064,1,1,1,1,1,1,1,20251123,20260305
112753356004,1,1,1,1,1,1,1,20251201,20260104
112760056064,1,1,1,1,1,1,1,20260105,20260305
112761226327,1,1,1,1,1,1,1,20260502,20261123
112760706327,1,1,1,1,1,1,1,20260311,20261123
112760676121,1,1,1,1,1,1,1,20260308,20260501
212753276068,1,1,1,1,1,1,1,20251123,20260309
101660696069,0,1,0,0,0,0,0,20260310,20260310
107460676327,0,0,1,0,1,0,1,20260308,20261123
207453276002,0,0,1,0,1,0,1,20251123,20260102
106460046004,0,0,0,0,0,0,1,20260104,20260104
107460076065,0,0,1,0,1,0,1,20260107,20260306
112660986327,1,1,1,1,1,0,1,20260408,20261123
100161016327,0,0,0,0,0,1,0,20260411,20261123
212653276097,1,1,1,1,1,0,1,20251123,20260407
100153336059,0,0,0,0,0,1,0,20251129,20260228
100160736094,0,0,0,0,0,1,0,20260314,20260404
112753336065,1,1,1,1,1,1,1,20251129,20260306
112760676097,1,1,1,1,1,1,1,20260308,20260407
112753506327,1,1,1,1,1,1,1,20251216,20261123
104160686327,1,0,1,0,0,1,0,20260309,20261123
204153276063,1,0,1,0,0,1,0,20251123,20260304
207453276065,0,0,1,0,1,0,1,20251123,20260306
100353395340,0,0,0,0,1,1,0,20251205,20251206
109653415349,1,0,0,0,0,0,1,20251207,20251215
103153435347,0,1,1,1,1,1,0,20251209,20251213
112753516327,1,1,1,1,1,1,1,20251217,20261123
106753395341,0,0,0,0,1,1,1,20251205,20251207
104853425350,1,1,0,0,0,0,0,20251208,20251216
107953445348,0,0,1,1,1,1,1,20251210,20251214
112760696327,1,1,1,1,1,1,1,20260310,20261123
106560956327,0,0,0,0,0,1,1,20260405,20261123
109660676068,1,0,0,0,0,0,1,20260308,20260309
106560946327,0,0,0,0,0,1,1,20260404,20261123
106553336094,0,0,0,0,0,1,1,20251129,20260404
102453365337,0,1,1,0,0,0,0,20251202,20251203
107053455348,0,0,0,1,1,0,1,20251211,20251214
101053656002,0,0,1,0,1,0,0,20251231,20260102
112760336327,1,1,1,1,1,1,1,20260202,20261123
100160036010,0,0,0,0,0,1,0,20260103,20260110
103260266026,1,0,0,0,0,0,0,20260126,20260126
107160436046,0,0,0,1,1,1,1,20260212,20260215
100860566056,0,0,1,0,0,0,0,20260225,20260225
104260706075,1,0,1,0,1,0,0,20260311,20260316
106460816088,0,0,0,0,0,0,1,20260322,20260329
103260896089,1,0,0,0,0,0,0,20260330,20260330
206553275347,0,0,0,0,0,1,1,20251123,20251213
106553545362,0,0,0,0,0,1,1,20251220,20251228
106560116039,0,0,0,0,0,1,1,20260111,20260208
106560526080,0,0,0,0,0,1,1,20260221,20260321
100160876087,0,0,0,0,0,1,0,20260328,20260328
106753536004,0,0,0,0,1,1,1,20251219,20260104
107160086088,0,0,0,1,1,1,1,20260108,20260329
100153336327,0,0,0,0,0,1,0,20251129,20261123
100160946327,0,0,0,0,0,1,0,20260404,20261123
206553276088,0,0,0,0,0,1,1,20251123,20260329
106360026327,1,1,1,1,1,1,0,20260102,20261123
100353325333,0,0,0,0,1,1,0,20251128,20251129
106353355358,1,1,1,1,1,1,0,20251201,20251224
105953605365,1,1,1,0,1,1,0,20251226,20251231
106260906327,1,1,1,1,1,0,0,20260331,20261123
206253275335,1,1,1,1,1,0,0,20251123,20251201
106253385344,1,1,1,1,1,0,0,20251204,20251210
106253495364,1,1,1,1,1,0,0,20251215,20251230
100460016001,0,0,0,1,0,0,0,20260101,20260101
106260056023,1,1,1,1,1,0,0,20260105,20260123
106260276042,1,1,1,1,1,0,0,20260127,20260211
106260476055,1,1,1,1,1,0,0,20260216,20260224
106260576069,1,1,1,1,1,0,0,20260226,20260310
100460716071,0,0,0,1,0,0,0,20260312,20260312
106260766086,1,1,1,1,1,0,0,20260317,20260327
112753576327,1,1,1,1,1,1,1,20251223,20261123
112753425356,1,1,1,1,1,1,1,20251208,20251222
106253376327,1,1,1,1,1,0,0,20251203,20261123
101653365336,0,1,0,0,0,0,0,20251202,20251202
103260686068,1,0,0,0,0,0,0,20260309,20260309
112753355345,1,1,1,1,1,1,1,20251201,20251211
112753476004,1,1,1,1,1,1,1,20251213,20260104
100253465346,0,0,0,0,1,0,0,20251212,20251212
105760986327,1,1,1,0,0,1,0,20260408,20261123
107060996327,0,0,0,1,1,0,1,20260409,20261123
207053276032,0,0,0,1,1,0,1,20251123,20260201
205753276031,1,1,1,0,0,1,0,20251123,20260131
105760336097,1,1,1,0,0,1,0,20260202,20260407
107060366095,0,0,0,1,1,0,1,20260205,20260405
112753416327,1,1,1,1,1,1,1,20251207,20261123
106353355340,1,1,1,1,1,1,0,20251201,20251206
112753406327,1,1,1,1,1,1,1,20251206,20261123
212753275333,1,1,1,1,1,1,1,20251123,20251129
112453345338,1,1,1,1,0,0,1,20251130,20251204
100253395339,0,0,0,0,1,0,0,20251205,20251205
112760056066,1,1,1,1,1,1,1,20260105,20260307
109753405342,1,0,0,0,0,1,1,20251206,20251208
101653435343,0,1,0,0,0,0,0,20251209,20251209
101453445346,0,0,1,1,1,0,0,20251210,20251212
112460676327,1,1,1,1,0,0,1,20260308,20261123
100360726327,0,0,0,0,1,1,0,20260313,20261123
200353276065,0,0,0,0,1,1,0,20251123,20260306
111653596005,1,1,0,1,0,0,1,20251225,20260105
102860066008,0,1,1,1,0,0,0,20260106,20260108
106460116011,0,0,0,0,0,0,1,20260111,20260111
106060126015,1,1,1,1,0,0,0,20260112,20260115
106060196043,1,1,1,1,0,0,0,20260119,20260212
106060486064,1,1,1,1,0,0,0,20260217,20260305
106460536060,0,0,0,0,0,0,1,20260222,20260301
112753606327,1,1,1,1,1,1,1,20251226,20261123
112753325358,1,1,1,1,1,1,1,20251128,20251224
112753616327,1,1,1,1,1,1,1,20251227,20261123
112753335359,1,1,1,1,1,1,1,20251129,20251225
100260936327,0,0,0,0,1,0,0,20260403,20261123
205853275332,1,1,1,0,1,0,0,20251123,20251128
106253355357,1,1,1,1,1,0,0,20251201,20251223
105053605364,1,1,0,0,1,0,0,20251226,20251230
106260486092,1,1,1,1,1,0,0,20260217,20260402
112753355354,1,1,1,1,1,1,1,20251201,20251220
106453555355,0,0,0,0,0,0,1,20251221,20251221
112753566032,1,1,1,1,1,1,1,20251222,20260201
100253606002,0,0,0,0,1,0,0,20251226,20260102
105653635365,1,1,1,0,0,0,0,20251229,20251231
106260056016,1,1,1,1,1,0,0,20260105,20260116
300253276327,0,0,0,0,1,0,0,20251123,20261123
